48
358
773
338
709
180
626
777
983
469
456
847
835
934
884
481
905
438
859
392
939
545
125
119
785
285
150
873
169
553
990
273
621
960
527
311
505
674
383
720
110
132
343
133
706
517
619
607
875
52
499
287
695
562
741
572
834
568
646
768
195
273
617
256
953
259
420
89
659
696
51
796
955
357
357
206
671
720
689
986
140
122
395
940
110
510
969
604
113
762
570
398
257
613
763
691
478
597
478
826
344
284
876
580
636
845
353
166
85
658
294
498
252
779
989
448
325
519
653
582
276
983
454
118
540
677
848
167
99
252
246
671
300
702
875
162
77
790
936
732
424
215
497
861
167
448
503
984
294
920
575
405
547
890
573
197
379
554
263
915
665
271
261
267
204
636
383
995
367
769
216
897
869
434
318
308
345
51
356
426
146
349
966
669
744
427
632
573
688
51
254
422
159
378
527
533
83
775
733
515
716
524
661
184
522
188
57
95
480
145
966
471
824
539
941
829
796
675
640
146
267
314
934
123
149
87
335
65
366
863
966
214
945
392
209
407
99
644
214
668
116
886
763
890
777
679
496
520
747
620
910
251
348
698
483
198
423
415
250
783
70
215
129
684
241
909
653
376
474
809
380
156
907
351
300
157
479
980
101
160
268
791
840
180
820
895
263
923
659
971
824
908
611
554
820
362
315
162
40
889
483
526
929
460
438
899
854
261
932
143
780
593
707
905
64
562
343
885
538
227
730
772
237
926
902
574
382
867
186
328
863
858
101
549
249
289
458
974
847
432
302
537
902
67
341
578
356
211
143
726
290
279
108
310
527
546
269
386
203
437
252
71
815
470
164
304
526
522
283
504
938
738
688
456
131
487
714
374
313
471
789
446
503
399
319
478
861
249
51
625
927
594
648
696
121
648
471
174
847
753
474
535
200
77
158
490
522
730
290
824
859
546
161
573
147
447
228
851
877
298
622
282
114
101
312
135
49
893
768
534
533
990
976
168
792
158
476
246
132
436
430
301
604
374
103
255
497
242
421
504
223
391
305
555
248
323
847
849
168
470
612
607
555
327
519
137
147
858
428
521
62
581
783
934
47
217
525
619
673
208
314
998
966
796
905
787
42
763
289
617
934
995
188
794
847
425
258
327
614
111
